summary_expected_total=1000
summary_logged_total=180
summary_missing_count=820
summary_missing_sample=179,182,183,184,185,186,187,188,189,190,191,192,193,194,195,196,197,198,199,200,201,202,203,204,205,206,207,208,209,210,211,212,213,214,215,216,217,218,219,220,221,222,223,224,225,226,227,228,229,230
scheduler=taskrun

5
1
3
6
4
2
7
8
9
10
11
12
13
15
14
16
17
18
20
19
21
22
23
25
31
24
32
26
29
30
27
28
33
36
34
37
35
38
39
41
40
42
43
44
47
46
45
48
50
49
51
52
53
54
55
56
58
57
59
60
62
61
63
64
65
66
69
68
76
67
70
71
73
74
72
75
77
78
79
80
82
81
83
84
85
86
87
88
89
90
91
92
93
94
95
96
97
98
100
99
102
104
105
111
112
107
101
108
109
110
106
103
113
114
115
117
116
118
119
120
121
122
123
124
125
127
126
128
131
134
129
130
132
133
135
136
137
140
139
141
138
142
143
144
145
146
147
148
149
150
152
151
153
156
157
155
154
158
159
160
161
162
171
165
163
164
167
168
170
169
172
166
173
175
174
176
177
178
180
181
184
